100
5
1 2 3 4 5
3
3 5 6
2
5 6
2
5 5
15
63233 463755 229301 33311 221678 362439 331045 542077 825389 832229 330654 573777 860653 397249 620922
15
163817 496804 823916 808965 29031 32375 495550 924163 182998 942681 591530 163730 904452 455245 6275
7
614861 59881 37501 374108 466044 65411 740602
13
205633 554807 837197 62323 727868 877842 21993 723843 864439 906835 41542 895061 503291
11
18718 825869 71874 233494 289039 198782 498649 943071 752322 464318 830924
15
3706 165653 232930 139834 840699 70907 917001 367024 784818 162034 261906 450602 60623 40030 135601
14
882253 305778 830550 239747 498123 116600 663497 744030 348646 513341 8247 388658 17897 15514
14
674055 960931 707574 742715 205937 92708 91955 41188 187522 388173 768035 387651 680528 676447
14
80347 139070 79196 789954 760387 325857 590683 47599 528520 925502 95636 255929 227691 991901
7
522859 840440 65504 577503 442373 597406 605117
3
2220 218 2166
9
2361 9913 8987 7878 595 1183 7309 2541 497
12
1568 7446 2421 4802 1600 4446 8394 1728 8763 9601 7711 10288
3
5889 8958 8825
4
9451 6911 8493 7993
7
684 6511 1645 7110 1487 8219 9148
9
7706 6256 7705 6035 6045 2122 6442 1059 3390
3
2264 3761 1641
12
4737 7111 9037 8861 4182 1630 8043 1453 4783 5182 4584 4897
10
8919 7883 8330 6506 8508 9928 7552 8677 3813 12424
8
5493 5164 1723 8966 7147 3389 3615 4695
5
2668 7246 8417 7320 3539
12
1113 2387 5001 8177 9818 7011 673 8336 461 5572 4995 6640
9
9024 8960 9148 9527 6459 5573 69 4250 6890
14
185 2395 8618 2090 1917 259 1055 1990 1076 3268 9613 8840 8940 2268
9
1279 9943 2883 6444 5511 2211 8451 8766 11870
10
9966 3285 9416 9967 3833 1069 5915 7943 4079 9531
13
1168 1465 9434 3233 9001 3715 8400 2813 8624 7156 6282 8567 4073
11
2551 6321 7852 7288 8332 1677 9675 9938 90 2594 15602
6
5052 5466 8218 8564 7850 6434
4
5450 1813 1405 5922
12
8240 3399 4200 1609 4394 7379 5810 229 5921 8028 5154 15527
10
6423 7173 1822 6733 3141 8135 3214 1588 3853 3700
5
2044 4169 259 8998 13712
3
5908 9096 498
13
4205 3398 3036 8400 1420 6379 5028 5766 8285 6302 9967 7109 8176
3
5621 8624 13381
4
6037 4346 1806 5600
5
9494 1233 3068 9169 2538
14
1477 4727 7779 6067 3429 1121 1432 1310 9717 8275 2924 9479 7430 8491
5
9050 8078 2306 8839 5969
9
9858 4532 5601 1896 9708 743 2907 123 1570
9
8680 7329 7502 5976 6997 4372 3751 3522 15995
8
7014 7883 8526 1995 832 6618 9860 7990
3
7835 8926 15429
12
2827 877 7990 7333 6178 1020 9220 5079 7296 1331 7088 9723
3
5448 1136 4408
9
5027 4510 5626 4227 1724 5487 1568 5401 1966
13
1935 8658 4290 1452 3066 1232 4209 3215 404 3285 4022 9287 1623
6
1061 4228 2562 9770 8316 6389
13
3949 4356 8794 7802 3066 5627 3809 110 2989 1427 5895 8590 2672
4
560 431 1081 1958
7
3949 280 1141 1627 6808 1996 2989
14
4939 2844 4435 3354 7092 7258 3783 9648 6935 6177 5188 7134 8514 1385
9
8517 4349 6401 1803 455 4121 8760 1718 6882
3
3218 3575 357
3
6291 5100 2943
3
8264 3050 11170
12
5904 5085 3243 7144 7038 5511 8413 7168 116 6749 4476 11007
14
8702 9360 5222 4589 7246 3926 4055 2219 2853 931 1533 1354 6266 1226
3
4456 5710 2443
10
3648 7988 2170 66 6594 2508 8277 1219 7172 9351
12
9860 4327 8956 7911 2156 4306 8114 1088 2570 6045 5765 9170
5
1546 8607 8011 2078 12480
15
231 587 7730 9081 9039 2811 1520 1047 7189 5 3715 9844 3677 4730 16244
8
6242 5410 324 4495 1142 9942 2809 13778
8
199 2463 1992 1610 4994 5292 8250 12238
9
6936 4292 869 3005 9921 2318 8039 7558 5603
3
1928 5454 4806
8
1980 4151 8728 6740 1760 3741 2979 7705
2
4460 7117
10
7701 1014 4698 4120 2835 8007 203 496 6550 4952
10
3709 4490 7588 2856 8334 4732 5230 342 9316 2773
13
783 284 7607 812 519 1497 614 9419 7652 223 9633 2903 133
6
2513 786 5783 1730 5134 3736
7
3239 1312 8310 4254 5796 1759 2834
6
8859 2470 3515 4274 1812 12576
15
8017 5400 1624 9204 423 8386 8205 1087 4203 580 6945 8369 4979 1388 7221
3
1040 3116 2108
14
8893 6702 8960 4487 3552 6722 7842 3097 8677 8932 3872 4318 4799 6918
8
9393 9082 4773 1510 3615 4535 3208 936
8
6035 4094 3087 6825 2135 6855 218 7297
13
5125 4479 9120 2533 6251 5186 4157 2718 3057 2316 9079 9028 15227
8
4791 9274 8989 5929 3015 2398 2340 4837
10
3465 1305 6678 3725 4566 6382 2250 3385 1298 5586
9
4909 5496 2586 3808 4580 1545 8250 3210 14834
11
3870 8994 6896 7071 334 7080 7428 3798 8655 1631 1181
8
3486 1606 5686 6253 43 6063 6015 1400
15
8281 1954 128 3093 9883 1473 6802 990 9365 122 9266 2011 2114 5487 2899
4
2046 8851 1134 8957
6
9272 4771 919 9395 1554 6061
6
4940 1916 7783 9468 2851 9608
12
9142 2356 5284 6580 492 737 9915 6420 7445 7386 4875 2548
8
7183 7252 2264 3538 6428 5002 7038 5305
4
935 6261 754 6432
10
6300 4847 8452 3277 1510 4006 6233 6442 8409 3152
