100
5
1 2 3 4 5
3
3 5 6
2
5 6
2
5 5
15
554109 454204 55935 756235 68188 943890 718232 317315 294030 964916 704574 625079 186862 135798 901835
15
788291 270063 900896 329231 803328 837841 721464 650559 245547 758135 196442 851040 954954 926744 674180
3
305756 447267 162175
6
908351 794471 551338 644118 832614 37373
8
248967 114510 536073 445087 368230 637982 543119 44017
10
470957 958669 892311 643197 423139 142066 300671 966215 891702 929685
9
996774 898918 785059 176618 41202 853366 139403 582422 625506
6
611898 391386 518643 742015 238597 242025
12
612363 408435 531374 274880 184844 670167 201617 545797 749593 269737 460233 560416
13
67774 598730 377092 543819 36514 324747 574090 41345 936691 65217 439942 936956 38323
14
7849 9024 3865 9536 6251 5203 6866 8990 2610 2812 2911 7185 6488 11420
14
7987 7462 9383 7020 2973 4826 8816 5487 3431 4873 6089 3354 4411 1536
4
1329 9239 5195 13677
3
3590 4507 2892
10
6522 5506 2163 3280 3031 5910 9942 1263 4958 9725
3
3782 2022 2336
3
5270 2112 7382
8
5881 5298 5186 6080 1379 7940 8505 7802
12
8833 7015 5676 1077 5629 5134 6324 7705 9514 4542 9201 15300
14
2108 1207 3267 5310 4096 6102 707 3785 6394 8860 8234 8025 5942 3337
5
9921 5829 3203 4730 12029
5
2346 3371 6709 2450 6054
7
6516 4996 638 8654 4321 4413 6585
5
9616 921 6818 8397 7270
3
9151 804 8347
7
12 497 6408 2504 3595 7314 932
11
9194 7441 4846 4878 6999 1592 5265 4930 10 9613 32
3
5965 1808 4189
14
9662 8894 6014 293 7792 1444 3018 5289 1997 6748 9540 9631 66 2001
13
1416 8454 2486 8919 3722 2641 7239 389 5129 5458 9380 3041 14568
5
2998 2412 1277 9150 9625
14
1922 8581 694 1968 4256 5464 9740 5778 953 4694 7898 5864 6695 5533
7
1825 5469 4331 7801 5958 3520 1640
9
1891 6202 3608 3715 2828 5746 8645 1286 9855
14
4243 8505 9238 285 506 6221 7892 4853 1002 1703 1337 7805 9905 14735
4
4504 6510 4585 6431
9
3002 7360 3588 7530 5885 1153 4190 9825 8279
9
5733 5907 4336 7023 1675 1834 5320 4218 6951
15
2807 494 1918 4748 2452 9245 77 6536 8999 1239 7811 8344 7856 4085 5063
14
6905 9835 2613 4657 5953 1367 6417 8983 7408 1336 4744 1184 8329 9199
5
7404 2462 5094 1245 5073
12
2009 9052 8607 7629 2051 2387 2952 7371 4587 3918 7828 3829
13
8145 2475 8757 316 901 4496 83 7197 4879 6090 9635 3364 5994
3
2485 7183 5562
4
158 1610 3051 3391
7
3531 8995 6739 6051 8546 822 332
4
4749 3667 7675 293
3
2177 1373 3548
10
8279 7039 3407 1769 5886 3337 9435 2855 2410 9985
4
4856 7200 9462 10798
3
7856 7495 1015
13
4947 2685 8932 101 5300 6056 3539 1845 4598 650 8195 1856 539
15
7567 6175 6977 7185 3158 6210 9241 4160 373 1654 3183 7974 6810 9138 4756
13
828 2737 4363 5274 5389 1696 2826 2680 288 9253 851 8540 6601
13
4204 7634 7675 5521 7206 4697 5850 8809 3706 5460 8022 117 15125
7
5136 7464 1659 9750 2886 4172 3972
4
4155 3096 3552 4547
5
3377 2847 7327 4932 2549
14
7704 9077 1389 4794 6170 4815 5606 3117 6023 7587 8003 2592 639 9372
7
2463 3084 837 8602 6286 5939 10481
14
5819 6682 258 3950 9291 4364 4548 8781 4595 2226 9516 9365 6999 9345
6
1656 2019 1699 6760 3460 3419
7
4065 7414 5890 796 5057 9656 12656
6
2049 2109 2126 2095 5163 1406
13
4508 7105 3327 6023 36 5959 523 3485 8524 6702 4451 5095 7527
9
1027 456 704 3200 4753 674 9752 8733 8476
7
1839 8111 4876 5645 4966 9535 11224
10
6439 9887 3782 2792 8185 9527 1796 1351 970 9673
4
5477 7852 6466 4747
14
3134 6101 9600 2075 6424 3180 8382 3831 7460 1227 5881 5013 7029 2747
15
7564 8222 8384 3511 4151 7773 3012 4263 2330 5540 4494 1028 4717 9547 15358
7
555 4569 8345 2053 356 3471 14213
9
2644 7013 9473 3793 3734 6369 3886 9383 1823
3
2292 6535 4467
12
8257 816 3852 4941 4876 5773 3658 353 2930 2982 7040 5858
3
8651 5400 13523
11
1594 4790 9869 8892 7085 7731 2818 5338 8384 128 10939
5
4840 9738 6363 8652 3573
7
9804 3370 9033 7425 8889 3494 14897
13
2337 6837 3709 5808 1254 6690 9162 1853 7175 6555 1910 3492 15908
7
3374 9390 6086 9381 8312 4484 11039
15
3269 4313 3881 3088 5621 3259 4554 5030 3947 1125 1527 8116 1583 3059 3496
6
8589 7557 3699 9608 2942 3214
13
7889 6914 9991 840 1993 430 5159 612 6092 4321 5716 3940 12197
14
7774 9806 3047 335 7877 7352 1152 1512 6726 4989 2395 5862 409 9906
5
416 4048 4967 2551 5344
12
7239 6818 7165 8198 7711 4057 6321 9941 6726 8595 9835 3842
4
2304 10 8103 5805
3
7649 8183 534
14
7481 4222 3456 7626 4814 2507 3883 8271 5577 4791 8040 4469 6459 14644
3
6751 6094 3473
7
3085 4851 4821 7313 2622 2143 4827
12
498 4623 5344 3427 8449 5243 3394 4510 378 4318 5262 9970
4
2486 2601 4108 5011
4
5107 2528 4269 2750
7
8026 9321 6494 8846 627 4181 4805
